matrix
-0.5887423 -0.3965687 0.2869849 0.6651533 -0.1449293 
-0.9902432 0.4424507 -0.3692437 0.7853239 0.9828634 
0.4922368 0.006853938 -0.6688824 0.8717675 -0.1657374 
matrix
-1 -0.3779553 -1 -0.691484 -0.5762637 
-0.7468071 -0.9378817 -0.96243 -0.922668 0.2725911 
0.8695457 -0.8432006 -0.7597201 0.4584701 -0.6916096 
0.7998731 -0.3573111 -0.5762084 0.09031045 0.7648292 
-1 -0.1605201 -0.5134711 -1 0.8362429 
matrix
0.3790209 -0.5320261 
0.4887159 -0.3970704 
-0.9284289 -0.7229857 
-0.6653733 -1 
0.09029734 -0.8612744 
biases data:
0.2687823 -0.02179015 