matrix
0.233977 0.3875279 0.3934848 0.8105047 -0.5474653 
-0.8353376 0.575464 -0.5953226 0.2502505 0.578078 
0.5051508 -0.6487498 -1 -1 -0.3683919 
matrix
0.02823985 -0.6734912 -0.9928429 -0.9624529 -0.5644352 
0.1268214 -0.956095 -1 0.01987064 0.1603667 
-0.346898 0.002614856 0.1786448 -0.8532665 0.3687067 
-0.4362766 0.0245887 -0.2045797 -0.5637074 0.4877462 
-0.03748477 -0.08009446 0.0875777 0.008835912 0.7615938 
matrix
-0.07845533 0.4236631 
-0.4236404 0.0121361 
-0.8367641 0.5392184 
0.02015269 0.7933774 
0.4844722 -0.9443407 
biases data:
0.2083005 0.1543065 