matrix
-0.5784287 -1 -1 -1 -0.8748436 
0.7662766 -1 0.1539057 0.6294584 0.7587223 
-1 -0.548542 0.8717 0.02328646 0.8826103 
matrix
-0.8616385 -0.4353629 0.8570669 0.3609059 0.08214033 
0.3087766 -0.1124173 -0.2118925 -0.2006274 -0.4396347 
-0.3293828 -0.5872698 -1 0.8554904 -0.5331316 
0.1362644 0.5001309 -1 0.05314839 -0.7471693 
-0.906589 -0.9218535 0.1931924 0.351649 -0.1926767 
matrix
-1 0.5632479 
0.9852335 0.142686 
-0.8799014 -1 
-0.7466693 -0.1964067 
0.3775212 -0.952348 
biases data:
0.5597401 0.6603858 