matrix
0.4215712 -0.8589351 -0.1930677 -0.4325472 -0.8748436 
0.7662766 -0.6700788 0.1539057 0.6294584 0.7587223 
-0.4529233 -0.548542 0.8717 0.02328646 0.8826103 
matrix
-0.2581481 -0.1229705 -0.06371772 -0.4372271 0.7424169 
-0.8349013 -0.409314 0.7516031 -0.008888125 0.8004444 
0.8650825 0.6087444 0.4507904 -0.3591377 -1 
0.1130427 0.8516328 -0.5670493 -1 -0.2837816 
0.6732638 0.2608835 0.2748658 -0.7440071 -0.5839341 
matrix
0.395719 0.7205374 
0.5843966 0.7868121 
-0.4065686 0.3081708 
-1 -0.6020122 
0.3014764 -0.2204136 
biases data:
-0.5173383 0.1127533 