matrix
-0.4640516 0.4871454 -0.2043487 -0.4185463 -0.2039307 
0.05401123 0.1321841 0.3990092 -0.7316859 0.2574649 
-0.2685543 -0.347931 0.5872781 0.8296974 -0.3846925 
matrix
-0.9012611 0.05698621 0.5164409 -0.1047617 -0.5235403 
0.9452672 0.8682981 -0.4048122 0.6802013 0.2573373 
0.3204806 -0.6803198 -0.3190414 0.2391433 -0.03883278 
0.6467674 0.5226612 -0.8674076 0.4272756 -0.2820469 
-0.354004 -0.4393204 -0.1955556 -0.7707944 0.08625233 
matrix
-0.5199525 -0.3725611 
0.7522857 -0.6874948 
0.9098501 -0.9350526 
0.9190316 0.5375271 
-0.8332965 -0.7105956 
biases data:
-0.2606226 -0.2902642 