matrix
-0.053388 -0.2514402 0.4365673 -0.577316 0.8257625 
0.1082355 -0.6879377 0.1034292 0.4335847 -0.573472 
-0.971755 0.8025477 -0.5614719 0.1138676 -0.8386616 
matrix
-0.2173063 0.6538923 0.5552998 -0.2922996 0.3273613 
-1 -0.7115123 0.1711172 0.4398625 -0.6858673 
-0.8554709 -1 -1 0.259372 0.9994168 
-1 -1 -1 0.1839176 -0.1107849 
0.6310034 -1 -0.2309977 -0.03835809 0.8876333 
matrix
0.1617299 -0.6350448 
-0.150051 -0.305127 
-0.8455164 0.4115293 
-1 0.7393205 
-0.4876153 -0.6714106 
biases data:
0.08562982 -0.08317077 